<?xml version="1.0"?>
<opencv_storage>
<image_width>1600</image_width>
<image_height>1200</image_height>
<camera_matrix type_id="opencv-matrix">
  <rows>3</rows>
  <cols>3</cols>
  <dt>d</dt>
  <data>
    1.7471266072619972e+03 0. 7.9950000000000000e+02 0.
    1.7522610641489582e+03 5.9950000000000000e+02 0. 0. 1.</data></camera_matrix>
<distortion_coefficients type_id="opencv-matrix">
  <rows>1</rows>
  <cols>5</cols>
  <dt>d</dt>
  <data>
    1.0484451019586599e-01 -1.2153791272673189e+00 0. 0.
    4.2026469876740533e+00</data></distortion_coefficients>
</opencv_storage>
