<?xml version="1.0"?>
<opencv_storage>
<image_width>1600</image_width>
<image_height>1200</image_height>
<camera_matrix type_id="opencv-matrix">
  <rows>3</rows>
  <cols>3</cols>
  <dt>d</dt>
  <data>
    1.7665001338953443e+03 0. 8.1748885922181228e+02 0.
    1.7625332664967364e+03 6.7114547661015047e+02 0. 0. 1.</data></camera_matrix>
<distortion_coefficients type_id="opencv-matrix">
  <rows>1</rows>
  <cols>5</cols>
  <dt>d</dt>
  <data>
    3.5524903501380108e-02 -2.7852779022867025e-01
    1.1476899486326580e-02 2.5880591934448211e-03 8.8162612866523837e-01</data></distortion_coefficients>
</opencv_storage>
